[N
226
83
31 c_addsub_v12_0_20_fabric_legacy
90
10 c_high_bit
98
13 c_has_q_b_out
28
12 cordic_round
5
8 C_HAS_CE
122
10 C_HAS_C_IN
91
8 c_a_type
197
18 C_HAS_S_AXIS_PHASE
140
14 p_cordic_funct
180
12 c_iterations
2
21 xbip_pipe_v3_0_10_viv
148
11 p_precision
129
4 SIGN
139
15 p_coarse_rotate
112
11 C_OUT_WIDTH
8
10 C_HAS_SCLR
218
25 C_M_AXIS_DOUT_TUSER_WIDTH
104
8 a_signed
163
20 cordic_v6_0_24_synth
70
12 c_has_bypass
125
12 C_HAS_BYPASS
182
14 c_phase_format
43
10 C_HAS_ASET
145
11 p_has_y_out
20
9 DELAY_LEN
40
15 C_SYNC_PRIORITY
60
13 c_sync_enable
115
8 C_B_TYPE
189
18 cordic_v6_0_24_viv
33
13 p_input_width
149
13 p_reg_outputs
117
12 C_B_CONSTANT
21
6 FAMILY
186
13 c_reg_outputs
185
12 c_reg_inputs
86
9 c_a_width
135
1 B
55
10 ci_b_value
177
10 c_has_y_in
133
8 HAS_SCLR
77
4 aset
183
15 c_pipeline_mode
6
19 C_CE_OVERRIDES_SYNC
184
11 c_precision
111
9 C_B_WIDTH
174
9 c_has_rfd
199
13 C_INPUT_WIDTH
114
8 C_A_TYPE
136
1 S
178
11 c_has_y_out
158
10 cordic_eng
73
11 c_has_ainit
3
5 synth
161
17 cordic_inp_config
49
44 /home/jason/Documents/XLib/c_addsub_v12_0_20
127
6 addsub
97
11 c_has_b_out
18
9 delay_bit
38
21 c_reg_fd_v12_0_10_viv
168
15 c_xdevicefamily
134
1 A
190
14 C_ARCHITECTURE
179
13 c_input_width
10
11 C_HAS_SINIT
193
13 C_DATA_FORMAT
84
8 c_family
187
12 c_round_mode
19
10 struct_all
80
4 sset
51
3 rtl
17
41 /home/jason/Documents/XLib/cordic_v6_0_24
67
10 c_has_ovfl
194
12 C_HAS_ACLKEN
64
10 c_has_c_in
74
10 c_has_sclr
172
15 c_has_phase_out
100
14 c_has_a_signed
196
22 C_HAS_S_AXIS_CARTESIAN
173
9 c_has_rdy
157
11 p_iteration
101
14 c_has_b_signed
12
11 C_AINIT_VAL
88
11 c_out_width
123
11 C_HAS_C_OUT
159
9 p_has_rfd
45
14 C_ENABLE_RLOCS
202
14 C_PHASE_FORMAT
50
29 c_addsub_v12_0_20_lut6_legacy
44
11 C_HAS_AINIT
118
9 C_B_VALUE
94
13 c_pipe_stages
144
11 p_has_x_out
222
18 s_axis_phase_tlast
119
21 C_CE_OVERRIDES_BYPASS
87
9 c_b_width
121
21 C_SCLR_OVERRIDES_SSET
116
10 C_ADD_MODE
109
16 C_IMPLEMENTATION
154
17 p_hardwired_shift
207
17 C_THROTTLE_SCHEME
95
9 c_latency
204
11 C_PRECISION
42
10 C_HAS_ACLR
225
14 cordic_v6_0_24
25
5 delay
61
15 c_sync_priority
131
7 HAS_CLK
147
14 p_phase_format
181
14 c_output_width
130
8 HAS_C_IN
209
24 C_HAS_S_AXIS_PHASE_TUSER
30
8 p_has_ce
71
10 c_has_aclr
191
17 C_CORDIC_FUNCTION
198
13 C_HAS_ARESETN
65
11 c_has_c_out
171
14 c_has_phase_in
152
24 cordic_pha_acc_slice_par
120
12 C_BYPASS_LOW
1
44 /home/jason/Documents/XLib/xbip_pipe_v3_0_10
215
30 C_S_AXIS_CARTESIAN_TDATA_WIDTH
160
12 p_reg_inputs
57
11 c_sinit_val
47
4 ACLR
108
15 C_XDEVICEFAMILY
188
12 c_scale_comp
203
15 C_PIPELINE_MODE
26
4 D_IN
69
8 c_has_ce
143
9 p_has_rdy
214
28 C_HAS_S_AXIS_CARTESIAN_TLAST
93
9 c_b_value
212
26 C_S_AXIS_PHASE_TUSER_WIDTH
195
10 C_HAS_ACLK
41
13 C_SYNC_ENABLE
81
6 bypass
99
9 c_has_add
206
12 C_SCALE_COMP
166
15 c_coarse_rotate
46
5 AINIT
15
5 SINIT
113
19 C_CE_OVERRIDES_SCLR
132
6 HAS_CE
11
11 C_SINIT_VAL
205
12 C_ROUND_MODE
164
14 c_architecture
223
22 s_axis_cartesian_tlast
175
10 c_has_x_in
224
18 m_axis_dout_tready
34
14 p_output_width
9
10 C_HAS_SSET
162
8 p_has_nd
170
8 c_has_nd
31
10 p_has_ovfl
151
21 cordic_ctrl_slice_par
217
25 C_M_AXIS_DOUT_TDATA_WIDTH
150
12 p_scale_comp
23
12 DEFAULT_DATA
85
24 c_addsub_v12_0_20_legacy
24
8 MEM_TYPE
76
11 c_has_sinit
53
10 c_add_mode
39
10 structural
37
44 /home/jason/Documents/XLib/c_reg_fd_v12_0_10
105
8 b_signed
58
15 c_bypass_enable
155
16 p_transform_type
106
21 c_addsub_v12_0_20_viv
89
9 c_low_bit
79
5 ainit
82
5 sinit
48
4 ASET
137
17 cordic_out_config
169
9 c_has_clk
138
14 p_architecture
36
12 p_round_mode
216
30 C_S_AXIS_CARTESIAN_TUSER_WIDTH
14
9 C_FAST_IP
75
10 c_has_sset
102
14 c_enable_rlocs
156
20 cordic_eng_slice_par
13
7 C_WIDTH
128
8 ADD_MODE
153
24 cordic_dat_acc_slice_par
4
9 C_LATENCY
16
4 SSET
96
10 c_has_b_in
56
11 c_ainit_val
124
12 C_BORROW_LOW
221
23 s_axis_cartesian_tvalid
201
14 C_OUTPUT_WIDTH
208
18 C_TLAST_RESOLUTION
146
12 p_iterations
167
13 c_data_format
32
10 p_has_sclr
59
12 c_bypass_low
103
21 c_has_bypass_with_cin
27
5 D_OUT
192
15 C_COARSE_ROTATE
54
12 c_b_constant
226
6 xilinx
63
7 c_has_q
220
6 aclken
62
7 c_has_s
78
4 aclr
52
7 c_width
66
13 c_has_q_c_out
110
9 C_A_WIDTH
68
12 c_has_q_ovfl
29
15 p_xdevicefamily
35
15 p_pipeline_mode
92
8 c_b_type
213
28 C_HAS_S_AXIS_CARTESIAN_TUSER
211
26 C_S_AXIS_PHASE_TDATA_WIDTH
126
6 BYPASS
22
14 IMPLEMENTATION
7
21 C_SSET_OVERRIDES_SCLR
200
12 C_ITERATIONS
219
7 aresetn
165
17 c_cordic_function
72
10 c_has_aset
107
11 C_VERBOSITY
176
11 c_has_x_out
210
24 C_HAS_S_AXIS_PHASE_TLAST
142
15 p_has_phase_out
141
12 p_ctrl_width
]
[G
17
158
3
1
141
1
0
3
0
0 0
0
0
]
[G
17
225
226
1
200
1
0
0
0
0 0
0
0
]
[G
49
85
3
1
67
1
0
0
0
0 0
0
0
]
[G
17
189
3
1
197
1
0
1
0
0 0
0
0
]
[G
49
85
3
1
95
1
0
1
0
0 0
0
0
]
[G
17
189
3
1
193
1
0
0
0
0 0
0
0
]
[G
17
25
19
1
23
0
0
0
0
0 0
0
0
]
[G
49
85
3
1
91
1
0
0
0
0 0
0
0
]
[G
17
25
19
3
23
0
0
0
0
0 0
0
0
]
[G
17
25
19
4
23
0
0
0
0
0 0
0
0
]
[G
17
25
19
5
23
0
0
0
0
0 0
0
0
]
[G
17
225
226
1
193
1
0
0
0
0 0
0
0
]
[G
17
25
19
2
23
0
0
0
0
0 0
0
0
]
[G
49
106
3
1
120
1
0
0
0
0 0
0
0
]
[G
17
25
19
1
22
1
0
0
0
0 0
0
0
]
[G
17
25
19
2
22
1
0
0
0
0 0
0
0
]
[G
17
25
19
3
22
1
0
0
0
0 0
0
0
]
[G
17
25
19
4
22
1
0
0
0
0 0
0
0
]
[G
17
25
19
5
22
1
0
0
0
0 0
0
0
]
[G
49
85
3
1
86
1
0
20
0
0 0
0
0
]
[G
17
158
3
1
147
0
0
1
0
0 0
0
0
]
[G
17
158
3
1
35
1
0
-2
0
0 0
0
0
]
[G
17
189
3
1
204
1
0
0
0
0 0
0
0
]
[G
17
28
3
1
36
1
0
0
0
0 0
0
0
]
[G
1
2
3
1
14
0
0
1
0
0 0
0
0
]
[G
17
189
3
1
202
0
0
1
0
0 0
0
0
]
[G
17
137
3
1
146
0
0
14
0
0 0
0
0
]
[G
17
153
3
2
29
1
0
0
0
4 0
122
121
110
113
1
1
1 4 1 1
]
[G
17
153
3
3
29
1
0
0
0
4 0
122
121
110
113
1
1
1 4 1 1
]
[G
17
153
3
4
29
1
0
0
0
4 0
122
121
110
113
1
1
1 4 1 1
]
[G
17
153
3
5
29
1
0
0
0
4 0
122
121
110
113
1
1
1 4 1 1
]
[G
17
153
3
6
29
1
0
0
0
4 0
122
121
110
113
1
1
1 4 1 1
]
[G
17
153
3
7
29
1
0
0
0
4 0
122
121
110
113
1
1
1 4 1 1
]
[G
17
153
3
8
29
1
0
0
0
4 0
122
121
110
113
1
1
1 4 1 1
]
[G
17
153
3
9
29
1
0
0
0
4 0
122
121
110
113
1
1
1 4 1 1
]
[G
17
153
3
10
29
1
0
0
0
4 0
122
121
110
113
1
1
1 4 1 1
]
[G
17
153
3
11
29
1
0
0
0
4 0
122
121
110
113
1
1
1 4 1 1
]
[G
17
153
3
12
29
1
0
0
0
4 0
122
121
110
113
1
1
1 4 1 1
]
[G
17
153
3
13
29
1
0
0
0
4 0
122
121
110
113
1
1
1 4 1 1
]
[G
17
153
3
14
29
1
0
0
0
4 0
122
121
110
113
1
1
1 4 1 1
]
[G
17
225
226
1
202
0
0
1
0
0 0
0
0
]
[G
17
153
3
1
29
1
0
0
0
4 0
122
121
110
113
1
1
1 4 1 1
]
[G
49
85
3
1
87
1
0
20
0
0 0
0
0
]
[G
49
106
3
1
5
1
0
0
0
0 0
0
0
]
[G
17
161
3
1
141
1
0
3
0
0 0
0
0
]
[G
17
225
226
1
204
1
0
0
0
0 0
0
0
]
[G
49
50
51
1
73
1
0
0
0
0 0
0
0
]
[G
17
151
3
1
30
0
0
0
0
0 0
0
0
]
[G
17
18
19
1
21
0
0
0
0
4 0
122
121
110
113
1
1
1 4 1 1
]
[G
17
18
19
2
21
0
0
0
0
4 0
122
121
110
113
1
1
1 4 1 1
]
[G
17
18
19
3
21
0
0
0
0
4 0
122
121
110
113
1
1
1 4 1 1
]
[G
49
106
3
1
11
1
0
0
0
0 0
1
1
1 0 1 1
]
[G
49
85
3
1
76
1
0
0
0
0 0
0
0
]
[G
49
106
3
1
116
1
0
2
0
0 0
0
0
]
[G
17
158
3
1
160
0
0
1
0
0 0
0
0
]
[G
49
85
3
1
92
1
0
0
0
0 0
0
0
]
[G
49
83
3
1
73
1
0
0
0
0 0
0
0
]
[G
17
137
3
1
29
1
0
0
0
4 0
122
121
110
113
1
1
1 4 1 1
]
[G
17
127
3
1
133
1
0
0
0
0 0
0
0
]
[G
49
85
3
1
58
1
0
0
0
0 0
0
0
]
[G
17
28
3
1
34
1
0
16
0
0 0
0
0
]
[G
49
85
3
1
94
0
0
0
0
0 0
0
0
]
[G
17
156
3
1
29
1
0
0
0
4 0
122
121
110
113
1
1
1 4 1 1
]
[G
17
156
3
2
29
1
0
0
0
4 0
122
121
110
113
1
1
1 4 1 1
]
[G
17
156
3
3
29
1
0
0
0
4 0
122
121
110
113
1
1
1 4 1 1
]
[G
17
156
3
4
29
1
0
0
0
4 0
122
121
110
113
1
1
1 4 1 1
]
[G
17
156
3
5
29
1
0
0
0
4 0
122
121
110
113
1
1
1 4 1 1
]
[G
17
156
3
6
29
1
0
0
0
4 0
122
121
110
113
1
1
1 4 1 1
]
[G
17
156
3
7
29
1
0
0
0
4 0
122
121
110
113
1
1
1 4 1 1
]
[G
17
156
3
8
29
1
0
0
0
4 0
122
121
110
113
1
1
1 4 1 1
]
[G
17
156
3
9
29
1
0
0
0
4 0
122
121
110
113
1
1
1 4 1 1
]
[G
17
156
3
10
29
1
0
0
0
4 0
122
121
110
113
1
1
1 4 1 1
]
[G
17
156
3
11
29
1
0
0
0
4 0
122
121
110
113
1
1
1 4 1 1
]
[G
17
156
3
12
29
1
0
0
0
4 0
122
121
110
113
1
1
1 4 1 1
]
[G
17
156
3
13
29
1
0
0
0
4 0
122
121
110
113
1
1
1 4 1 1
]
[G
17
156
3
14
29
1
0
0
0
4 0
122
121
110
113
1
1
1 4 1 1
]
[G
17
189
3
1
210
1
0
0
0
0 0
0
0
]
[G
1
2
3
1
8
0
0
0
0
0 0
0
0
]
[G
49
85
3
1
61
1
0
0
0
0 0
0
0
]
[G
17
189
3
1
215
1
0
32
0
0 0
0
0
]
[G
17
225
226
1
210
1
0
0
0
0 0
0
0
]
[G
17
163
3
1
74
1
0
0
0
0 0
0
0
]
[G
17
225
226
1
215
1
0
32
0
0 0
0
0
]
[G
17
158
3
1
159
1
0
0
0
0 0
0
0
]
[G
49
85
3
1
64
1
0
0
0
0 0
0
0
]
[G
49
85
3
1
102
0
0
0
0
0 0
0
0
]
[G
17
189
3
1
211
1
0
16
0
0 0
0
0
]
[G
17
163
3
1
181
1
0
16
0
0 0
0
0
]
[G
37
38
39
1
5
1
0
0
0
0 0
0
0
]
[G
17
163
3
1
166
1
0
1
0
0 0
0
0
]
[G
17
225
226
1
207
1
0
3
0
0 0
0
0
]
[G
17
225
226
1
211
1
0
16
0
0 0
0
0
]
[G
1
2
3
1
4
1
0
20
0
0 0
0
0
]
[G
17
225
226
1
194
1
0
0
0
0 0
0
0
]
[G
37
38
39
1
11
0
0
0
0
0 0
1
1
1 0 1 1
]
[G
17
189
3
1
207
1
0
3
0
0 0
0
0
]
[G
17
163
3
1
187
1
0
0
0
0 0
0
0
]
[G
17
161
3
1
147
0
0
1
0
0 0
0
0
]
[G
49
50
51
1
65
1
0
0
0
0 0
0
0
]
[G
17
225
226
1
190
1
0
2
0
0 0
0
0
]
[G
17
189
3
1
194
1
0
0
0
0 0
0
0
]
[G
17
161
3
1
35
1
0
-2
0
0 0
0
0
]
[G
17
163
3
1
176
1
0
1
0
0 0
0
0
]
[G
17
151
3
1
29
0
0
0
0
4 0
122
121
110
113
1
1
1 4 1 1
]
[G
17
189
3
1
190
1
0
2
0
0 0
0
0
]
[G
49
83
3
1
65
1
0
0
0
0 0
0
0
]
[G
17
225
226
1
196
1
0
0
0
0 0
0
0
]
[G
17
189
3
1
198
1
0
0
0
0 0
0
0
]
[G
17
189
3
1
196
1
0
0
0
0 0
0
0
]
[G
49
50
51
1
75
1
0
0
0
0 0
0
0
]
[G
17
152
3
1
148
1
0
20
0
0 0
0
0
]
[G
17
225
226
1
198
1
0
0
0
0 0
0
0
]
[G
49
85
3
1
60
1
0
0
0
0 0
0
0
]
[G
17
18
19
1
23
0
0
0
0
0 0
0
0
]
[G
17
18
19
2
23
0
0
0
0
0 0
0
0
]
[G
17
18
19
3
23
0
0
0
0
0 0
0
0
]
[G
17
127
3
1
131
1
0
1
0
0 0
0
0
]
[G
17
161
3
1
160
1
0
1
0
0 0
0
0
]
[G
49
83
3
1
75
1
0
0
0
0 0
0
0
]
[G
17
18
19
1
22
1
0
0
0
0 0
0
0
]
[G
17
18
19
2
22
1
0
0
0
0 0
0
0
]
[G
17
18
19
3
22
1
0
0
0
0 0
0
0
]
[G
1
2
3
1
10
0
0
0
0
0 0
0
0
]
[G
49
106
3
1
117
1
0
0
0
0 0
0
0
]
[G
37
38
39
1
42
1
0
0
0
0 0
0
0
]
[G
17
152
3
1
32
1
0
0
0
0 0
0
0
]
[G
17
153
3
1
155
0
0
0
0
0 0
0
0
]
[G
17
153
3
2
155
0
0
0
0
0 0
0
0
]
[G
17
153
3
3
155
0
0
0
0
0 0
0
0
]
[G
17
153
3
4
155
0
0
0
0
0 0
0
0
]
[G
17
153
3
5
155
0
0
0
0
0 0
0
0
]
[G
17
153
3
6
155
0
0
0
0
0 0
0
0
]
[G
17
153
3
7
155
0
0
0
0
0 0
0
0
]
[G
17
153
3
8
155
0
0
0
0
0 0
0
0
]
[G
17
153
3
9
155
0
0
0
0
0 0
0
0
]
[G
49
85
3
1
56
0
0
0
0
0 0
1
1
1 0 1 1
]
[G
17
153
3
11
155
0
0
0
0
0 0
0
0
]
[G
17
153
3
12
155
0
0
0
0
0 0
0
0
]
[G
17
127
3
1
130
1
0
0
0
0 0
0
0
]
[G
17
153
3
14
155
0
0
0
0
0 0
0
0
]
[G
17
161
3
1
139
1
0
1
0
0 0
0
0
]
[G
17
153
3
10
155
0
0
0
0
0 0
0
0
]
[G
17
153
3
13
155
0
0
0
0
0 0
0
0
]
[G
49
85
3
1
84
0
0
0
0
4 0
122
121
110
113
1
1
1 4 1 1
]
[G
37
38
39
1
43
1
0
0
0
0 0
0
0
]
[G
17
28
3
1
33
1
0
20
0
0 0
0
0
]
[G
17
28
3
1
32
0
0
0
0
0 0
0
0
]
[G
17
137
3
1
141
1
0
3
0
0 0
0
0
]
[G
37
38
39
1
13
1
0
21
0
0 0
0
0
]
[G
17
156
3
1
141
1
0
3
0
0 0
0
0
]
[G
17
156
3
2
141
1
0
3
0
0 0
0
0
]
[G
17
156
3
3
141
1
0
3
0
0 0
0
0
]
[G
17
156
3
4
141
1
0
3
0
0 0
0
0
]
[G
17
156
3
5
141
1
0
3
0
0 0
0
0
]
[G
17
156
3
6
141
1
0
3
0
0 0
0
0
]
[G
17
156
3
7
141
1
0
3
0
0 0
0
0
]
[G
17
156
3
8
141
1
0
3
0
0 0
0
0
]
[G
1
2
3
1
7
1
0
0
0
0 0
0
0
]
[G
17
156
3
10
141
1
0
3
0
0 0
0
0
]
[G
17
156
3
11
141
1
0
3
0
0 0
0
0
]
[G
17
156
3
1
157
0
0
0
0
0 0
0
0
]
[G
17
156
3
2
157
0
0
1
0
0 0
0
0
]
[G
17
156
3
3
157
0
0
2
0
0 0
0
0
]
[G
17
156
3
4
157
0
0
3
0
0 0
0
0
]
[G
17
156
3
5
157
0
0
4
0
0 0
0
0
]
[G
17
156
3
6
157
0
0
5
0
0 0
0
0
]
[G
17
156
3
7
157
0
0
6
0
0 0
0
0
]
[G
49
85
3
1
101
0
0
0
0
0 0
0
0
]
[G
17
156
3
9
157
0
0
8
0
0 0
0
0
]
[G
17
156
3
10
157
0
0
9
0
0 0
0
0
]
[G
17
156
3
11
157
0
0
10
0
0 0
0
0
]
[G
17
156
3
12
157
0
0
11
0
0 0
0
0
]
[G
17
156
3
13
157
0
0
12
0
0 0
0
0
]
[G
17
156
3
14
157
0
0
13
0
0 0
0
0
]
[G
49
85
3
1
66
1
0
0
0
0 0
0
0
]
[G
17
156
3
12
141
1
0
3
0
0 0
0
0
]
[G
17
156
3
13
141
1
0
3
0
0 0
0
0
]
[G
17
156
3
14
141
1
0
3
0
0 0
0
0
]
[G
17
189
3
1
208
1
0
0
0
0 0
0
0
]
[G
17
156
3
8
157
0
0
7
0
0 0
0
0
]
[G
17
156
3
9
141
1
0
3
0
0 0
0
0
]
[G
17
225
226
1
208
1
0
0
0
0 0
0
0
]
[G
49
85
3
1
70
1
0
0
0
0 0
0
0
]
[G
49
85
3
1
100
0
0
0
0
0 0
0
0
]
[G
17
225
226
1
216
1
0
1
0
0 0
0
0
]
[G
17
127
3
1
132
1
0
0
0
0 0
0
0
]
[G
17
163
3
1
179
1
0
16
0
0 0
0
0
]
[G
17
189
3
1
216
1
0
1
0
0 0
0
0
]
[G
17
163
3
1
172
1
0
0
0
0 0
0
0
]
[G
17
153
3
1
35
1
0
-2
0
0 0
0
0
]
[G
17
153
3
2
35
1
0
-2
0
0 0
0
0
]
[G
17
153
3
3
35
1
0
-2
0
0 0
0
0
]
[G
17
153
3
4
35
1
0
-2
0
0 0
0
0
]
[G
17
153
3
5
35
1
0
-2
0
0 0
0
0
]
[G
49
50
51
1
74
1
0
0
0
0 0
0
0
]
[G
17
153
3
7
35
1
0
-2
0
0 0
0
0
]
[G
17
153
3
8
35
1
0
-2
0
0 0
0
0
]
[G
17
153
3
9
35
1
0
-2
0
0 0
0
0
]
[G
17
153
3
10
35
1
0
-2
0
0 0
0
0
]
[G
17
153
3
11
35
1
0
-2
0
0 0
0
0
]
[G
17
153
3
12
35
1
0
-2
0
0 0
0
0
]
[G
17
153
3
13
35
1
0
-2
0
0 0
0
0
]
[G
17
153
3
14
35
1
0
-2
0
0 0
0
0
]
[G
17
225
226
1
201
1
0
16
0
0 0
0
0
]
[G
17
189
3
1
218
1
0
1
0
0 0
0
0
]
[G
17
153
3
6
35
1
0
-2
0
0 0
0
0
]
[G
17
225
226
1
192
1
0
1
0
0 0
0
0
]
[G
17
158
3
1
138
1
0
2
0
0 0
0
0
]
[G
49
83
3
1
74
1
0
0
0
0 0
0
0
]
[G
17
189
3
1
201
1
0
16
0
0 0
0
0
]
[G
17
151
3
1
141
1
0
3
0
0 0
0
0
]
[G
17
225
226
1
218
1
0
1
0
0 0
0
0
]
[G
17
189
3
1
192
1
0
1
0
0 0
0
0
]
[G
17
225
226
1
205
1
0
0
0
0 0
0
0
]
[G
17
163
3
1
84
0
0
0
0
4 0
122
121
110
113
1
1
1 4 1 1
]
[G
17
137
3
1
147
0
0
1
0
0 0
0
0
]
[G
17
137
3
1
35
1
0
-2
0
0 0
0
0
]
[G
49
85
3
1
63
1
0
1
0
0 0
0
0
]
[G
49
85
3
1
62
1
0
0
0
0 0
0
0
]
[G
17
156
3
1
147
0
0
1
0
0 0
0
0
]
[G
17
156
3
2
147
0
0
1
0
0 0
0
0
]
[G
17
156
3
3
147
0
0
1
0
0 0
0
0
]
[G
17
156
3
4
147
0
0
1
0
0 0
0
0
]
[G
17
156
3
5
147
0
0
1
0
0 0
0
0
]
[G
17
156
3
6
147
0
0
1
0
0 0
0
0
]
[G
17
156
3
7
147
0
0
1
0
0 0
0
0
]
[G
17
156
3
8
147
0
0
1
0
0 0
0
0
]
[G
17
156
3
9
147
0
0
1
0
0 0
0
0
]
[G
17
156
3
1
35
1
0
-2
0
0 0
0
0
]
[G
17
156
3
2
35
1
0
-2
0
0 0
0
0
]
[G
17
156
3
3
35
1
0
-2
0
0 0
0
0
]
[G
17
156
3
4
35
1
0
-2
0
0 0
0
0
]
[G
17
156
3
5
35
1
0
-2
0
0 0
0
0
]
[G
17
156
3
6
35
1
0
-2
0
0 0
0
0
]
[G
17
156
3
7
35
1
0
-2
0
0 0
0
0
]
[G
17
156
3
8
35
1
0
-2
0
0 0
0
0
]
[G
17
156
3
9
35
1
0
-2
0
0 0
0
0
]
[G
17
156
3
10
35
1
0
-2
0
0 0
0
0
]
[G
17
156
3
11
35
1
0
-2
0
0 0
0
0
]
[G
17
156
3
12
35
1
0
-2
0
0 0
0
0
]
[G
49
83
3
1
67
1
0
0
0
0 0
0
0
]
[G
17
156
3
14
35
1
0
-2
0
0 0
0
0
]
[G
17
156
3
10
147
0
0
1
0
0 0
0
0
]
[G
17
156
3
11
147
0
0
1
0
0 0
0
0
]
[G
1
2
3
1
12
0
0
0
0
1 1
48
1
1
1 1 1 1
]
[G
17
137
3
1
144
1
0
1
0
0 0
0
0
]
[G
49
50
51
1
67
1
0
0
0
0 0
0
0
]
[G
49
85
3
1
59
1
0
0
0
0 0
0
0
]
[G
17
163
3
1
186
1
0
1
0
0 0
0
0
]
[G
17
156
3
13
35
1
0
-2
0
0 0
0
0
]
[G
17
137
3
1
149
1
0
1
0
0 0
0
0
]
[G
17
156
3
12
147
0
0
1
0
0 0
0
0
]
[G
17
156
3
13
147
0
0
1
0
0 0
0
0
]
[G
17
156
3
14
147
0
0
1
0
0 0
0
0
]
[G
17
152
3
1
30
1
0
0
0
0 0
0
0
]
[G
49
85
3
1
97
1
0
0
0
0 0
0
0
]
[G
17
189
3
1
205
1
0
0
0
0 0
0
0
]
[G
37
38
39
1
44
1
0
0
0
0 0
0
0
]
[G
17
163
3
1
165
1
0
2
0
0 0
0
0
]
[G
49
85
3
1
69
1
0
0
0
0 0
0
0
]
[G
49
106
3
1
123
1
0
0
0
0 0
0
0
]
[G
17
225
226
1
217
1
0
32
0
0 0
0
0
]
[G
49
85
3
1
53
1
0
2
0
0 0
0
0
]
[G
49
106
3
1
109
1
0
0
0
0 0
0
0
]
[G
17
189
3
1
217
1
0
32
0
0 0
0
0
]
[G
49
85
3
1
57
0
0
0
0
0 0
1
1
1 0 1 1
]
[G
17
137
3
1
139
1
0
1
0
0 0
0
0
]
[G
17
158
3
1
148
1
0
20
0
0 0
0
0
]
[G
17
163
3
1
168
1
0
0
0
4 0
122
121
110
113
1
1
1 4 1 1
]
[G
17
28
3
1
30
0
0
1
0
0 0
0
0
]
[G
49
50
51
1
76
1
0
0
0
0 0
0
0
]
[G
17
151
3
1
35
1
0
-2
0
0 0
0
0
]
[G
49
50
51
1
58
1
0
0
0
0 0
0
0
]
[G
17
127
3
1
128
1
0
2
0
0 0
0
0
]
[G
49
83
3
1
76
1
0
0
0
0 0
0
0
]
[G
49
106
3
1
9
1
0
0
0
0 0
0
0
]
[G
49
83
3
1
58
1
0
0
0
0 0
0
0
]
[G
49
106
3
1
121
1
0
0
0
0 0
0
0
]
[G
17
163
3
1
188
1
0
0
0
0 0
0
0
]
[G
17
161
3
1
138
1
0
2
0
0 0
0
0
]
[G
49
50
51
1
61
1
0
0
0
0 0
0
0
]
[G
17
163
3
1
183
1
0
-2
0
0 0
0
0
]
[G
17
158
3
1
32
1
0
0
0
0 0
0
0
]
[G
17
25
19
1
20
1
0
1
0
0 0
0
0
]
[G
17
25
19
2
20
1
0
1
0
0 0
0
0
]
[G
17
25
19
3
20
1
0
1
0
0 0
0
0
]
[G
17
25
19
4
20
1
0
0
0
0 0
0
0
]
[G
17
25
19
5
20
1
0
1
0
0 0
0
0
]
[G
49
83
3
1
61
1
0
0
0
0 0
0
0
]
[G
49
50
51
1
64
1
0
0
0
0 0
0
0
]
[G
17
137
3
1
143
0
0
0
0
0 0
0
0
]
[G
17
158
3
1
140
0
0
2
0
0 0
0
0
]
[G
17
152
3
1
29
1
0
0
0
4 0
122
121
110
113
1
1
1 4 1 1
]
[G
49
83
3
1
64
1
0
0
0
0 0
0
0
]
[G
49
85
3
1
71
1
0
0
0
0 0
0
0
]
[G
17
137
3
1
150
1
0
0
0
0 0
0
0
]
[G
49
106
3
1
118
1
0
0
0
0 0
1
1
1 0 1 1
]
[G
37
38
39
1
9
1
0
0
0
0 0
0
0
]
[G
17
225
226
1
199
1
0
16
0
0 0
0
0
]
[G
49
85
3
1
72
1
0
0
0
0 0
0
0
]
[G
17
163
3
1
69
1
0
0
0
0 0
0
0
]
[G
17
28
3
1
29
0
0
0
0
4 0
122
121
110
113
1
1
1 4 1 1
]
[G
49
85
3
1
68
1
0
0
0
0 0
0
0
]
[G
49
50
51
1
60
1
0
0
0
0 0
0
0
]
[G
17
189
3
1
199
1
0
16
0
0 0
0
0
]
[G
17
161
3
1
148
1
0
20
0
0 0
0
0
]
[G
49
106
3
1
119
1
0
0
0
0 0
0
0
]
[G
49
106
3
1
112
1
0
21
0
0 0
0
0
]
[G
1
2
3
1
5
1
0
1
0
0 0
0
0
]
[G
49
83
3
1
60
1
0
0
0
0 0
0
0
]
[G
1
2
3
1
11
0
0
0
0
1 1
48
1
1
1 1 1 1
]
[G
17
225
226
1
213
1
0
0
0
0 0
0
0
]
[G
49
85
3
1
54
1
0
0
0
0 0
0
0
]
[G
17
137
3
1
36
1
0
0
0
0 0
0
0
]
[G
17
189
3
1
213
1
0
0
0
0 0
0
0
]
[G
17
127
3
1
21
1
0
0
0
4 0
122
121
110
113
1
1
1 4 1 1
]
[G
17
161
3
1
32
1
0
0
0
0 0
0
0
]
[G
49
50
51
1
56
0
0
0
0
0 0
1
1
1 0 1 1
]
[G
49
106
3
1
8
1
0
0
0
0 0
0
0
]
[G
17
163
3
1
178
1
0
1
0
0 0
0
0
]
[G
49
83
3
1
56
0
0
0
0
0 0
1
1
1 0 1 1
]
[G
17
161
3
1
140
1
0
2
0
0 0
0
0
]
[G
49
83
3
1
84
0
0
0
0
4 0
122
121
110
113
1
1
1 4 1 1
]
[G
49
50
51
1
55
0
0
0
0
21 1
2
1
1
20 0 2 1
]
[G
17
137
3
1
34
1
0
16
0
0 0
0
0
]
[G
17
225
226
1
191
1
0
2
0
0 0
0
0
]
[G
17
189
3
1
191
1
0
2
0
0 0
0
0
]
[G
49
83
3
1
55
0
0
0
0
21 1
2
1
1
20 0 2 1
]
[G
17
225
226
1
214
1
0
0
0
0 0
0
0
]
[G
49
85
3
1
103
0
0
0
0
0 0
0
0
]
[G
49
106
3
1
4
1
0
1
0
0 0
0
0
]
[G
17
225
226
1
108
1
0
0
0
4 0
122
121
110
113
1
1
1 4 1 1
]
[G
17
189
3
1
214
1
0
0
0
0 0
0
0
]
[G
49
106
3
1
114
1
0
0
0
0 0
0
0
]
[G
17
18
19
1
20
1
0
0
0
0 0
0
0
]
[G
17
18
19
2
20
1
0
1
0
0 0
0
0
]
[G
17
18
19
3
20
1
0
2
0
0 0
0
0
]
[G
17
158
3
1
30
1
0
0
0
0 0
0
0
]
[G
17
189
3
1
108
1
0
0
0
4 0
122
121
110
113
1
1
1 4 1 1
]
[G
17
137
3
1
138
1
0
2
0
0 0
0
0
]
[G
49
85
3
1
99
0
0
1
0
0 0
0
0
]
[G
49
50
51
1
66
1
0
0
0
0 0
0
0
]
[G
49
85
3
1
89
0
0
0
0
0 0
0
0
]
[G
49
106
3
1
110
1
0
20
0
0 0
0
0
]
[G
49
83
3
1
66
1
0
0
0
0 0
0
0
]
[G
49
50
51
1
70
1
0
0
0
0 0
0
0
]
[G
37
38
39
1
8
1
0
0
0
0 0
0
0
]
[G
17
225
226
1
203
1
0
-2
0
0 0
0
0
]
[G
17
189
3
1
206
1
0
0
0
0 0
0
0
]
[G
49
83
3
1
70
1
0
0
0
0 0
0
0
]
[G
17
189
3
1
203
1
0
-2
0
0 0
0
0
]
[G
17
225
226
1
206
1
0
0
0
0 0
0
0
]
[G
49
106
3
1
111
1
0
20
0
0 0
0
0
]
[G
49
85
3
1
73
1
0
0
0
0 0
0
0
]
[G
1
2
3
1
13
1
0
1
0
0 0
0
0
]
[G
17
163
3
1
174
1
0
0
0
0 0
0
0
]
[G
49
106
3
1
10
1
0
0
0
0 0
0
0
]
[G
49
106
3
1
115
1
0
0
0
0 0
0
0
]
[G
49
85
3
1
90
0
0
20
0
0 0
0
0
]
[G
17
158
3
1
146
1
0
14
0
0 0
0
0
]
[G
17
153
3
1
148
1
0
20
0
0 0
0
0
]
[G
17
153
3
2
148
1
0
20
0
0 0
0
0
]
[G
17
153
3
3
148
1
0
20
0
0 0
0
0
]
[G
17
153
3
4
148
1
0
20
0
0 0
0
0
]
[G
17
153
3
5
148
1
0
20
0
0 0
0
0
]
[G
17
153
3
6
148
1
0
20
0
0 0
0
0
]
[G
17
153
3
7
148
1
0
20
0
0 0
0
0
]
[G
17
153
3
8
148
1
0
20
0
0 0
0
0
]
[G
49
50
51
1
63
1
0
1
0
0 0
0
0
]
[G
17
153
3
10
148
1
0
20
0
0 0
0
0
]
[G
49
50
51
1
62
1
0
0
0
0 0
0
0
]
[G
17
153
3
12
148
1
0
20
0
0 0
0
0
]
[G
17
153
3
13
148
1
0
20
0
0 0
0
0
]
[G
17
153
3
14
148
1
0
20
0
0 0
0
0
]
[G
17
153
3
9
148
1
0
20
0
0 0
0
0
]
[G
17
153
3
11
148
1
0
20
0
0 0
0
0
]
[G
17
163
3
1
180
1
0
0
0
0 0
0
0
]
[G
49
85
3
1
98
1
0
0
0
0 0
0
0
]
[G
49
83
3
1
62
1
0
0
0
0 0
0
0
]
[G
49
50
51
1
59
1
0
0
0
0 0
0
0
]
[G
49
83
3
1
63
1
0
1
0
0 0
0
0
]
[G
17
28
3
1
31
1
0
0
0
0 0
0
0
]
[G
17
158
3
1
29
1
0
0
0
4 0
122
121
110
113
1
1
1 4 1 1
]
[G
17
137
3
1
148
1
0
20
0
0 0
0
0
]
[G
49
106
3
1
122
1
0
0
0
0 0
0
0
]
[G
49
83
3
1
59
1
0
0
0
0 0
0
0
]
[G
17
161
3
1
30
1
0
0
0
0 0
0
0
]
[G
17
153
3
1
32
1
0
0
0
0 0
0
0
]
[G
17
153
3
2
32
1
0
0
0
0 0
0
0
]
[G
17
153
3
3
32
1
0
0
0
0 0
0
0
]
[G
17
153
3
4
32
1
0
0
0
0 0
0
0
]
[G
17
153
3
5
32
1
0
0
0
0 0
0
0
]
[G
17
153
3
6
32
1
0
0
0
0 0
0
0
]
[G
17
153
3
7
32
1
0
0
0
0 0
0
0
]
[G
17
153
3
8
32
1
0
0
0
0 0
0
0
]
[G
17
153
3
9
32
1
0
0
0
0 0
0
0
]
[G
17
153
3
10
32
1
0
0
0
0 0
0
0
]
[G
17
153
3
11
32
1
0
0
0
0 0
0
0
]
[G
17
153
3
12
32
1
0
0
0
0 0
0
0
]
[G
17
153
3
13
32
1
0
0
0
0 0
0
0
]
[G
17
153
3
14
32
1
0
0
0
0 0
0
0
]
[G
17
163
3
1
173
1
0
0
0
0 0
0
0
]
[G
17
156
3
1
148
1
0
20
0
0 0
0
0
]
[G
17
156
3
2
148
1
0
20
0
0 0
0
0
]
[G
17
156
3
3
148
1
0
20
0
0 0
0
0
]
[G
17
156
3
4
148
1
0
20
0
0 0
0
0
]
[G
17
156
3
5
148
1
0
20
0
0 0
0
0
]
[G
17
156
3
6
148
1
0
20
0
0 0
0
0
]
[G
17
156
3
7
148
1
0
20
0
0 0
0
0
]
[G
17
156
3
8
148
1
0
20
0
0 0
0
0
]
[G
17
156
3
9
148
1
0
20
0
0 0
0
0
]
[G
17
152
3
1
35
1
0
-2
0
0 0
0
0
]
[G
17
156
3
11
148
1
0
20
0
0 0
0
0
]
[G
17
156
3
12
148
1
0
20
0
0 0
0
0
]
[G
37
38
39
1
10
1
0
0
0
0 0
0
0
]
[G
17
156
3
14
148
1
0
20
0
0 0
0
0
]
[G
49
50
51
1
69
1
0
0
0
0 0
0
0
]
[G
17
189
3
1
209
1
0
0
0
0 0
0
0
]
[G
17
163
3
1
167
1
0
0
0
0 0
0
0
]
[G
17
156
3
10
148
1
0
20
0
0 0
0
0
]
[G
49
50
51
1
53
1
0
2
0
0 0
0
0
]
[G
49
85
3
1
65
1
0
0
0
0 0
0
0
]
[G
17
25
19
1
24
1
0
1
0
0 0
0
0
]
[G
17
25
19
2
24
1
0
1
0
0 0
0
0
]
[G
49
50
51
1
57
0
0
0
0
0 0
1
1
1 0 1 1
]
[G
17
25
19
4
24
1
0
1
0
0 0
0
0
]
[G
17
137
3
1
32
1
0
0
0
0 0
0
0
]
[G
49
83
3
1
69
1
0
0
0
0 0
0
0
]
[G
17
163
3
1
185
1
0
1
0
0 0
0
0
]
[G
17
156
3
13
148
1
0
20
0
0 0
0
0
]
[G
17
163
3
1
170
0
0
0
0
0 0
0
0
]
[G
49
83
3
1
53
1
0
2
0
0 0
0
0
]
[G
17
25
19
3
24
1
0
1
0
0 0
0
0
]
[G
17
156
3
1
32
1
0
0
0
0 0
0
0
]
[G
17
156
3
2
32
1
0
0
0
0 0
0
0
]
[G
17
156
3
3
32
1
0
0
0
0 0
0
0
]
[G
17
156
3
4
32
1
0
0
0
0 0
0
0
]
[G
17
156
3
5
32
1
0
0
0
0 0
0
0
]
[G
17
156
3
6
32
1
0
0
0
0 0
0
0
]
[G
49
83
3
1
57
0
0
0
0
0 0
1
1
1 0 1 1
]
[G
17
156
3
8
32
1
0
0
0
0 0
0
0
]
[G
37
38
39
1
40
1
0
0
0
0 0
0
0
]
[G
17
156
3
10
32
1
0
0
0
0 0
0
0
]
[G
17
156
3
11
32
1
0
0
0
0 0
0
0
]
[G
17
156
3
12
32
1
0
0
0
0 0
0
0
]
[G
17
156
3
13
32
1
0
0
0
0 0
0
0
]
[G
17
137
3
1
140
1
0
2
0
0 0
0
0
]
[G
17
225
226
1
209
1
0
0
0
0 0
0
0
]
[G
17
25
19
5
24
1
0
1
0
0 0
0
0
]
[G
17
156
3
7
32
1
0
0
0
0 0
0
0
]
[G
17
156
3
9
32
1
0
0
0
0 0
0
0
]
[G
17
28
3
1
35
1
0
-2
0
0 0
0
0
]
[G
17
163
3
1
182
0
0
1
0
0 0
0
0
]
[G
17
156
3
1
140
0
0
2
0
0 0
0
0
]
[G
17
156
3
2
140
0
0
2
0
0 0
0
0
]
[G
17
156
3
3
140
0
0
2
0
0 0
0
0
]
[G
17
156
3
4
140
0
0
2
0
0 0
0
0
]
[G
17
156
3
5
140
0
0
2
0
0 0
0
0
]
[G
17
156
3
6
140
0
0
2
0
0 0
0
0
]
[G
17
156
3
7
140
0
0
2
0
0 0
0
0
]
[G
37
38
39
1
45
0
0
0
0
0 0
0
0
]
[G
17
156
3
9
140
0
0
2
0
0 0
0
0
]
[G
17
156
3
10
140
0
0
2
0
0 0
0
0
]
[G
17
156
3
11
140
0
0
2
0
0 0
0
0
]
[G
17
156
3
12
140
0
0
2
0
0 0
0
0
]
[G
17
156
3
13
140
0
0
2
0
0 0
0
0
]
[G
17
156
3
14
140
0
0
2
0
0 0
0
0
]
[G
17
189
3
1
195
0
0
1
0
0 0
0
0
]
[G
17
156
3
14
32
1
0
0
0
0 0
0
0
]
[G
49
85
3
1
75
1
0
0
0
0 0
0
0
]
[G
17
156
3
8
140
0
0
2
0
0 0
0
0
]
[G
17
161
3
1
162
0
0
0
0
0 0
0
0
]
[G
49
85
3
1
96
1
0
0
0
0 0
0
0
]
[G
17
225
226
1
195
0
0
1
0
0 0
0
0
]
[G
17
163
3
1
169
0
0
1
0
0 0
0
0
]
[G
49
106
3
1
107
1
0
0
0
0 0
0
0
]
[G
17
163
3
1
184
1
0
0
0
0 0
0
0
]
[G
49
106
3
1
12
1
0
0
0
0 0
1
1
1 0 1 1
]
[G
49
85
3
1
93
0
0
0
0
0 0
1
1
1 0 1 1
]
[G
17
161
3
1
29
1
0
0
0
4 0
122
121
110
113
1
1
1 4 1 1
]
[G
49
50
51
1
71
1
0
0
0
0 0
0
0
]
[G
17
163
3
1
175
0
0
0
0
0 0
0
0
]
[G
17
151
3
1
32
0
0
0
0
0 0
0
0
]
[G
49
83
3
1
71
1
0
0
0
0 0
0
0
]
[G
17
225
226
1
212
1
0
1
0
0 0
0
0
]
[G
37
38
39
1
41
1
0
0
0
0 0
0
0
]
[G
49
106
3
1
124
1
0
1
0
0 0
0
0
]
[G
49
50
51
1
72
1
0
0
0
0 0
0
0
]
[G
17
189
3
1
212
1
0
1
0
0 0
0
0
]
[G
17
25
19
1
21
0
0
0
0
4 0
122
121
110
113
1
1
1 4 1 1
]
[G
17
25
19
2
21
0
0
0
0
4 0
122
121
110
113
1
1
1 4 1 1
]
[G
17
25
19
3
21
0
0
0
0
4 0
122
121
110
113
1
1
1 4 1 1
]
[G
17
25
19
4
21
0
0
0
0
4 0
122
121
110
113
1
1
1 4 1 1
]
[G
17
25
19
5
21
0
0
0
0
4 0
122
121
110
113
1
1
1 4 1 1
]
[G
49
106
3
1
113
1
0
0
0
0 0
0
0
]
[G
49
50
51
1
68
1
0
0
0
0 0
0
0
]
[G
49
83
3
1
72
1
0
0
0
0 0
0
0
]
[G
17
153
3
1
154
0
0
1
0
0 0
0
0
]
[G
17
153
3
2
154
0
0
2
0
0 0
0
0
]
[G
17
153
3
3
154
0
0
3
0
0 0
0
0
]
[G
17
153
3
4
154
0
0
4
0
0 0
0
0
]
[G
17
153
3
5
154
0
0
5
0
0 0
0
0
]
[G
17
153
3
6
154
0
0
6
0
0 0
0
0
]
[G
49
85
3
1
88
1
0
21
0
0 0
0
0
]
[G
17
153
3
8
154
0
0
8
0
0 0
0
0
]
[G
17
153
3
9
154
0
0
9
0
0 0
0
0
]
[G
17
153
3
10
154
0
0
10
0
0 0
0
0
]
[G
17
153
3
11
154
0
0
11
0
0 0
0
0
]
[G
17
153
3
12
154
0
0
12
0
0 0
0
0
]
[G
17
153
3
13
154
0
0
13
0
0 0
0
0
]
[G
17
153
3
14
154
0
0
14
0
0 0
0
0
]
[G
49
83
3
1
68
1
0
0
0
0 0
0
0
]
[G
17
153
3
7
154
0
0
7
0
0 0
0
0
]
[G
49
50
51
1
52
1
0
21
0
0 0
0
0
]
[G
17
137
3
1
145
1
0
1
0
0 0
0
0
]
[G
37
38
39
1
12
0
0
0
0
0 0
1
1
1 0 1 1
]
[G
17
163
3
1
171
0
0
1
0
0 0
0
0
]
[G
17
163
3
1
164
1
0
2
0
0 0
0
0
]
[G
49
50
51
1
54
1
0
0
0
0 0
0
0
]
[G
17
153
3
2
30
1
0
0
0
0 0
0
0
]
[G
17
153
3
3
30
1
0
0
0
0 0
0
0
]
[G
17
153
3
4
30
1
0
0
0
0 0
0
0
]
[G
1
2
3
1
9
0
0
0
0
0 0
0
0
]
[G
17
153
3
6
30
1
0
0
0
0 0
0
0
]
[G
49
83
3
1
52
1
0
21
0
0 0
0
0
]
[G
17
153
3
8
30
1
0
0
0
0 0
0
0
]
[G
17
153
3
9
30
1
0
0
0
0 0
0
0
]
[G
49
106
3
1
125
1
0
0
0
0 0
0
0
]
[G
17
153
3
11
30
1
0
0
0
0 0
0
0
]
[G
17
153
3
12
30
1
0
0
0
0 0
0
0
]
[G
17
153
3
13
30
1
0
0
0
0 0
0
0
]
[G
17
153
3
14
30
1
0
0
0
0 0
0
0
]
[G
17
153
3
1
30
1
0
0
0
0 0
0
0
]
[G
17
153
3
5
30
1
0
0
0
0 0
0
0
]
[G
17
153
3
7
30
1
0
0
0
0 0
0
0
]
[G
17
156
3
1
154
0
0
0
0
0 0
0
0
]
[G
49
83
3
1
54
1
0
0
0
0 0
0
0
]
[G
17
156
3
3
154
0
0
2
0
0 0
0
0
]
[G
17
156
3
4
154
0
0
3
0
0 0
0
0
]
[G
17
156
3
5
154
0
0
4
0
0 0
0
0
]
[G
17
156
3
6
154
0
0
5
0
0 0
0
0
]
[G
17
156
3
7
154
0
0
6
0
0 0
0
0
]
[G
49
106
3
1
108
1
0
0
0
4 0
122
121
110
113
1
1
1 4 1 1
]
[G
17
156
3
9
154
0
0
8
0
0 0
0
0
]
[G
17
156
3
10
154
0
0
9
0
0 0
0
0
]
[G
17
156
3
11
154
0
0
10
0
0 0
0
0
]
[G
17
156
3
12
154
0
0
11
0
0 0
0
0
]
[G
17
156
3
13
154
0
0
12
0
0 0
0
0
]
[G
17
137
3
1
142
1
0
0
0
0 0
0
0
]
[G
17
156
3
2
154
0
0
1
0
0 0
0
0
]
[G
49
85
3
1
74
1
0
0
0
0 0
0
0
]
[G
17
18
19
1
24
1
0
1
0
0 0
0
0
]
[G
17
18
19
2
24
1
0
1
0
0 0
0
0
]
[G
17
18
19
3
24
1
0
1
0
0 0
0
0
]
[G
17
156
3
8
154
0
0
7
0
0 0
0
0
]
[G
17
127
3
1
129
1
0
0
0
0 0
0
0
]
[G
1
2
3
1
6
1
0
0
0
0 0
0
0
]
[G
17
156
3
14
154
0
0
13
0
0 0
0
0
]
[G
17
137
3
1
30
1
0
0
0
0 0
0
0
]
[G
17
163
3
1
177
0
0
0
0
0 0
0
0
]
[G
17
153
3
10
30
1
0
0
0
0 0
0
0
]
[G
17
189
3
1
200
1
0
0
0
0 0
0
0
]
[G
17
225
226
1
197
1
0
1
0
0 0
0
0
]
[G
17
156
3
1
30
1
0
0
0
0 0
0
0
]
[G
17
156
3
2
30
1
0
0
0
0 0
0
0
]
[G
17
156
3
3
30
1
0
0
0
0 0
0
0
]
[G
17
156
3
4
30
1
0
0
0
0 0
0
0
]
[G
17
156
3
5
30
1
0
0
0
0 0
0
0
]
[G
17
156
3
6
30
1
0
0
0
0 0
0
0
]
[G
17
156
3
7
30
1
0
0
0
0 0
0
0
]
[G
17
156
3
8
30
1
0
0
0
0 0
0
0
]
[G
17
156
3
9
30
1
0
0
0
0 0
0
0
]
[G
17
156
3
10
30
1
0
0
0
0 0
0
0
]
[G
17
156
3
11
30
1
0
0
0
0 0
0
0
]
[G
17
156
3
12
30
1
0
0
0
0 0
0
0
]
[G
17
156
3
13
30
1
0
0
0
0 0
0
0
]
[G
17
156
3
14
30
1
0
0
0
0 0
0
0
]
[P
17
25
19
26
0
1
1
1
19 0 2 1
]
[P
17
25
19
26
0
2
1
1
1 0 2 1
]
[P
17
25
19
26
0
3
1
1
2 0 2 1
]
[P
17
25
19
26
0
4
1
1
19 0 2 1
]
[P
17
25
19
26
0
5
1
1
15 0 2 1
]
[P
17
127
3
135
0
1
1
1
19 0 2 1
]
[P
17
25
19
27
0
1
1
1
19 0 2 1
]
[P
17
25
19
27
0
2
1
1
1 0 2 1
]
[P
17
25
19
27
0
3
1
1
2 0 2 1
]
[P
17
25
19
27
0
4
1
1
19 0 2 1
]
[P
17
25
19
27
0
5
1
1
15 0 2 1
]
[P
17
127
3
134
0
1
1
1
19 0 2 1
]
[P
17
127
3
136
0
1
1
1
19 0 2 1
]
[P
49
83
3
77
78
1
0
0
]
[P
49
50
51
79
78
1
0
0
]
[P
49
50
51
82
81
1
0
0
]
[P
1
2
3
15
16
1
0
0
]
[P
49
83
3
80
81
1
0
0
]
[P
37
38
39
48
47
1
0
0
]
[P
17
225
226
223
222
1
0
0
]
[P
17
225
226
224
222
1
0
0
]
[P
17
189
3
223
222
1
0
0
]
[P
17
189
3
224
222
1
0
0
]
[P
49
85
3
105
78
1
0
0
]
[P
49
85
3
79
78
1
0
0
]
[P
49
85
3
82
81
1
0
0
]
[P
49
106
3
15
126
1
0
0
]
[P
17
225
226
221
222
1
0
0
]
[P
17
189
3
221
222
1
0
0
]
[P
49
50
51
77
78
1
0
0
]
[P
17
225
226
219
220
1
0
0
]
[P
49
50
51
80
81
1
0
0
]
[P
17
189
3
219
220
1
0
0
]
[P
49
83
3
79
78
1
0
0
]
[P
49
83
3
82
81
1
0
0
]
[P
49
85
3
104
78
1
0
0
]
[P
49
85
3
77
78
1
0
0
]
[P
37
38
39
46
47
1
0
0
]
[P
49
85
3
80
81
1
0
0
]
[P
49
106
3
16
126
1
0
0
]
